eval_accuracy = 0.5634725634725635
eval_loss = 1.3910671822191063
global_step = 1827
