eval_accuracy = 0.36445536445536447
eval_loss = 1.4843148717693253
global_step = 915
loss = 1.5328531214448273
